6617
4070
3833
3615
3822
3026
3869
3392
3465
3740
3719
3727
2523
3264
3725
3774
3231
3347
3329
3545
3229
3975
2747
4400
2894
3536
4826
3539
3337
2803
4017
2970
3648
3127
4265
4218
3629
4016
4064
4546
3709
3912
2729
2701
3314
3651
3670
4143
3083
2968
1986
4558
3106
14350
1943
3629
12434
2355
7365
6648
19266
2013
5239
9822
4880
3389
8302
4202
3797
4728
4441
4913
4673
4455
3820
4913
3348
3430
2979
3614
2984
2095
3104
2914
3149
2870
4330
2553
3021
3370
3602
3214
3952
3504
3138
3505
2593
3024
3422
3751
2863
3379
2344
2940
2606
3280
2735
2958
3225
2706
3635
3689
2663
2778
3503
2863
3568
3688
2881
2693
2618
4285
3093
3530
2741
3456
3411
3503
2997
2950
2632
2198
3028
2949
3171
3279
2840
4037
2840
3313
3863
2337
2601
3555
3552
3475
3340
3510
3429
3508
3687
3277
4224
3694
3915
3930
4774
3193
3840
3552
3230
3288
3750
2981
2595
2441
2879
3393
3839
2391
3021
3626
3618
2491
3849
3380
2614
3777
3901
2541
2784
2941
3168
2961
2916
2891
3372
2848
2183
2485
1913
2860
2102
2971
3200
3219
5872
2779
2827
3000
2444
3113
2490
3628
2874
2718
3161
2738
2731
2617
3573
2479
3510
3071
5195
4731
3934
3030
3346
10607
2811
2476
3318
2987
3335
2994
2986
4190
2909
3231
3640
3972
2698
3074
2925
2959
3498
2837
3669
4036
3892
3920
3054
2916
2584
3740
3614
3712
2677
2962
2921
2685
2240
2360
2632
2143
2716
2605
2697
2803
1908
2892
2790
2693
1913
3073
2520
2990
2414
2723
2992
2783
3088
3763
3207
3760
2835
3027
2482
1988
1938
2713
2963
2688
2574
1968
8480
2544
2215
1827
3152
3069
3001
3215
3618
3343
2439
3088
3032
3273
3122
2404
2802
3120
2478
2260
3027
2908
2985
3145
2964
2785
3310
3067
3263
2608
2804
2242
3413
2677
2505
3059
3036
2573
1977
2384
2981
1895
4082
68435
29519
8113
4451
5810
7361
5879
4616
4011
5202
5636
5192
7698
6820
11890
4888
11677
7799
10775
7102
12776
9955
7758
5140
7492
5954
7928
4387
8683
9612
6470
7239
11956
4178
5267
7307
7740
2330
11642
4009
11794
9647
8270
2972
8009
9374
8705
9340
4636
9605
9091
10321
7314
8609
3085
7073
7791
2979
9777
8348
5402
9020
8905
10126
2348
3090
7113
3617
3200
4834
2738
7490
3612
4680
4674
9439
4977
4743
3467
8520
3273
8688
7831
11248
2991
7926
8954
5526
6061
5435
4693
5199
4081
2222
2527
3494
2889
3318
2429
2023
4012
2757
5293
2831
2225
3075
3045
2849
2613
2556
2804
2915
4335
3592
2323
2565
2305
2637
4050
2526
3154
3898
3719
3088
3420
3071
2318
2159
3264
2329
2703
2241
2914
3143
2798
3000
3271
3327
2923
2233
2307
3360
3375
2518
2996
3423
3409
2832
3200
2474
2709
3966
3518
3500
2627
2824
4050
4003
3843
3627
2888
3412
3423
3349
2966
3427
3343
2523
2161
3692
3362
3672
3229
2400
3062
1595
3123
2851
3111
3686
2771
2797
3303
2737
2853
3343
3780
2929
2106
2860
2581
2664
2532
5014
3022
2167
2983
2943
3154
2206
7398
2926
3522
2742
3546
3307
3133
2631
2622
3170
3077
2592
2213
2815
2675
2521
2820
3835
3509
3908
3860
2722
3314
3698
3262
2115
2500
9633
2196
3030
2666
2209
2910
3830
3342
2086
2765
2879
3048
2003
1787
2921
2398
2091
2374
2873
2915
2618
2532
2849
4123
3675
4154
5519
2235
2233
3203
2204
3005
3312
3039
3030
3554
2981
2661
3282
3585
2688
2623
2358
3550
2542
3074
2628
2900
3189
2622
3306
2442
2237
3046
2546
2415
3126
2640
2234
3425
2786
2152
2925
1863
2658
2332
2345
2870
1961
2335
2976
2134
2851
2487
3142
2897
3440
2977
2878
2510
3769
4270
3675
2882
2203
2233
3759
2577
2392
2218
2219
3400
3688
2728
2384
3052
1790
2163
2252
2833
3518
3014
3848
2174
2209
2395
2435
2786
2079
2505
3356
2333
1980
2278
2600
1828
2489
1702
2854
2829
2429
3028
3004
2383
1923
2842
2450
2523
2822
2397
3243
3272
2926
3021
3628
3572
3037
2599
2728
3194
3522
3877
3479
2964
2767
3847
3941
2882
1962
1587
2554
3455
3841
3510
4140
3527
2922
3234
2769
2255
2221
2992
2356
4284
2835
3194
2725
2405
2705
2176
3130
3127
2293
3491
2782
3791
3315
3497
3609
2492
2762
2732
3099
3034
2907
3052
2829
3271
2276
3514
3595
3208
3358
3783
3685
3138
2008
2983
3436
3616
4074
3380
2283
3722
2986
2354
2860
3566
3370
2586
3177
3417
2694
2376
2296
3113
2889
3537
2611
2292
2999
2655
3085
3069
2972
2364
1979
2321
2709
1709
3279
2285
2156
2518
1856
2033
3518
2897
2597
3369
2528
3080
2667
3148
2428
3268
2888
2726
2957
1711
2217
2758
2428
2038
2511
2521
2660
2421
2467
2460
3545
2993
3301
3158
2989
3357
3506
3370
1757
1729
3150
2398
2789
2995
3100
2314
3109
3193
3702
3942
3272
1975
2512
3091
3102
2886
3265
3698
2874
3494
3071
3586
3561
4025
3797
3495
3243
3510
2679
2892
2148
2799
2265
3061
2959
2711
2177
2844
3447
3024
3215
3380
2690
2750
2395
2596
3030
2961
2396
3172
2490
1727
2954
2194
2784
3203
2869
3779
2222
2563
2407
3101
2794
3012
3737
2285
2998
3359
3499
3078
2121
2854
2685
2015
2354
2295
3460
4451
2931
2242
2415
2817
9301
4070
3213
4421
1971
2709
3018
3241
4585
4135
3628
3617
2879
3484
3110
3279
2737
2429
2463
3104
2198
3142
2773
2710
2717
2958
2807
4607
2315
2819
2812
2592
2454
2726
4700
5719
2936
3037
2423
3714
2718
3363
3160
3327
2290
2526
3279
3023
3400
3012
3422
3910
2162
2421
2071
2784
3130
2269
2634
3052
2430
2037
2995
2378
2405
2763
2797
3464
3364
4545
3437
3227
3361
3755
2992
3579
2406
2845
2324
2941
2313
2362
2587
2442
2388
3460
2272
2700
3024
3369
3520
3452
