  27
  26
  27
  26
  26
  28
  27
  26
  27
  27
  27
  27
  27
  27
  27
  27
  27
  27
  27
  27
  21
  27
  26
  27
  28
  27
  28
  27
  28
  27
  27
  28
  26
  26
  26
  27
  27
  22
  27
  28
  27
  28
  17
  27
  27
  27
  17
  18
  18
  17
  27
  28
  27
  26
  17
  27
  26
  17
  27
  27
  26
  27
  17
  30
  26
  27
  26
  27
  28
  27
  27
  21
  17
  27
  28
  27
  27
  32
  27
  27
  27
  27
  27
  27
  27
  27
  26
  27
  26
  28
  27
  26
  26
  17
  28
  27
  27
  27
  37
  27
  28
  27
  27
  27
  27
  27
  27
  27
  39
  27
  27
  26
  27
  27
  27
  28
  24
  27
  18
  27
  27
  26
  27
  28
  17
  27
  17
  18
  17
  26
  27
  18
  18
  17
  17
  27
  17
  27
  27
  26
  28
  27
  28
  27
  27
  27
  27
  27
  27
  27
  27
  26
  18
  22
  17
  26
  18
  27
  27
  27
  26
  27
  17
  17
  18
  22
  27
  27
  18
  21
  18
  27
  27
  28
  27
  27
  27
  27
  26
  27
  17
  27
  22
  27
  26
  26
  23
  27
  27
  17
  27
  23
  23
  26
  17
  26
  28
  26
  28
  27
  27
  27
  27
  27
  17
  27
  28
  28
  22
  17
  24
  22
  27
  17
  28
  27
  17
  28
  27
  27
  27
  27
  27
  28
  27
  21
  27
  17
  18
  27
  27
  26
  23
  17
  27
  26
  22
  17
  17
  17
  27
  28
  17
  17
  26
  27
  26
  17
  27
  26
  27
  27
  22
  22
  24
  17
  18
  17
  28
  31
  27
  27
  17
  17
  26
  17
  17
  26
  28
  27
  27
  27
  27
  27
  17
  27
  27
  27
  27
  27
  27
  27
  21
  17
  27
  17
  28
  27
  27
  29
  17
  27
  27
  26
  17
  18
  18
  17
  17
  21
  18
  17
  28
  17
  22
  17
  17
  17
  17
  17
  17
  27
  27
  27
  27
  17
  17
  28
  17
  17
  18
  17
  28
  17
  17
  18
  18
  24
  17
  27
  18
  18
  27
  18
  21
  17
  17
  27
  17
  27
  17
  28
  22
  18
  27
  17
  17
  27
  20
  27
  18
  27
  27
  22
  26
  17
  28
  24
  17
  18
  17
  18
  27
  28
  23
  20
  18
  21
  26
  22
  18
  17
  17
  18
  17
  18
  17
  31
  27
  27
  17
  27
  28
  27
  28
  21
  26
  27
  18
  27
  18
  26
  26
  27
  27
  17
  28
  27
  17
  17
  28
  27
  34
  27
  31
  27
  27
  27
  18
  27
  28
  27
  26
  27
  27
  27
  26
  26
  26
  27
  27
  27
  27
  17
  27
  28
  26
  27
  27
  28
  18
  18
  27
  17
  28
  27
  28
  28
  27
  29
  27
  18
  18
  18
  17
  17
  22
  27
  36
  27
  27
  17
  28
  27
  28
  28
  17
  27
  27
  18
  27
  24
  27
  17
  18
  28
  18
  17
  23
  27
  27
  27
  18
  27
  28
  27
  18
  27
  28
  27
  27
  17
  26
  27
  26
  27
  18
  28
  28
  27
  28
  21
  27
  26
  27
  28
  17
  27
  22
  17
  46
  18
  27
  27
  28
  28
  18
  27
  27
  27
  18
  17
  28
  31
  27
  27
  17
  26
  30
  28
  27
  17
  28
  29
  27
  28
  17
  28
  27
  27
  18
  17
  27
  27
  27
  27
  17
  27
  27
  23
  27
  27
  27
  27
  22
  27
  27
  21
  27
  18
  28
  27
  27
  27
  18
  27
  28
  26
  27
  17
  28
  27
  27
  26
  17
  27
  24
  27
  26
  17
  27
  27
  27
  27
  17
  27
  28
  17
  27
  17
  26
  27
  27
  27
  17
  27
  27
  27
  27
  17
  26
  27
  27
  27
  21
  27
  27
  27
  27
  17
  17
  27
  27
  27
  18
  27
  31
  27
  27
  18
  18
  23
  18
  18
  18
  17
  17
  18
  27
  17
  27
  26
  27
  27
  27
  27
  27
  18
  26
  22
  17
  22
  18
  17
  18
  27
  28
  28
  27
  17
  18
  26
  27
  28
  27
  27
  27
  27
  27
  26
  18
  28
  18
  28
  28
  17
  27
  17
  27
  27
  27
  17
  18
  28
  27
  27
  36
  27
  27
  27
  28
  28
  27
  27
  26
  27
  27
  22
  27
  27
  21
  27
  26
  26
  26
  17
  27
  21
  28
  30
  28
  27
  26
  27
  32
  17
  27
  26
  27
  27
  28
  27
  28
  27
  35
  27
  28
  26
  28
  27
  26
  27
  23
  27
  22
  27
  28
  27
  27
  27
  22
  27
  27
  27
  21
  26
  27
  27
  27
  27
  17
  27
  27
  27
  26
  17
  22
  27
  17
  22
  22
  22
  27
  27
  28
  17
  28
  27
  27
  26
  18
  17
  21
  25
  27
  27
  27
  28
  27
  27
  17
  27
  28
  27
  27
  18
  27
  28
  27
  22
  18
  28
  27
  28
  27
  17
  27
  26
  27
  27
  18
  26
  30
  27
  27
  17
  26
  28
  27
  27
  18
  27
  27
  27
  27
  17
  27
  27
  27
  27
  17
  27
  27
  17
  27
  28
  27
  27
  28
  27
  17
  25
  29
  18
  27
  28
  27
  28
  27
  27
  17
  17
  20
  18
  17
  20
  18
  27
  22
  27
  27
  27
  27
  29
  17
  27
  28
  31
  17
  28
  35
  27
  18
  18
  28
  27
  17
  27
  22
  36
  22
  39
  27
  17
  27
  25
  17
  28
  17
  27
  19
  17
  27
  29
  28
  33
  18
  17
  27
  18
  27
  17
  26
  18
  26
  35
  17
  19
  27
  27
  28
  17
  22
  17
  21
  22
  17
  18
  18
  29
  17
  17
  22
  32
  27
  17
  18
  27
  37
  17
  17
  17
  18
  28
  17
  17
  18
  26
  23
  17
  27
  17
  27
  17
  17
  27
  17
  27
  22
  21
  27
  17
  18
  27
  17
  17
  17
  17
  17
  18
  22
  17
  17
  27
  22
  19
  17
  18
  29
  18
  17
  17
  17
  36
  22
  22
  17
  18
  22
  18
  17
  22
  18
  17
  18
  27
  38
  17
  28
  23
  27
  28
  17
  27
  18
  27
  27
  27
  27
  22
  27
  17
  17
  27
  17
  27
  26
  27
  31
  22
  27
  27
  27
  27
  17
  27
  28
  28
  17
  17
  17
  22
  17
  21
  17
  17
  22
  23
  17
  18
